236.7688,
      236.8024,
      236.7914,
      236.7894,
      236.8027,
      236.787,
      236.8116,
      236.7929,
      236.8082,
      236.7961,
      236.8282,
      236.8612,
      236.8681,
      236.8905,
      236.9257,
      236.9444,
      236.9248,
      236.9314,
      236.9567,
      237.0134,
      237.0268,
      237.0396,
      237.0206,
      237.0337,
      237.0458,
      237.0433,
      237.0449,
      237.0321,
      236.9926,
      237.0301,
      237.0249,
      237.0708,
      237.0829,
      237.0918,
      237.0801,
      237.0874,
      237.0551,
      237.1109,
      237.1297,
      237.1476,
      237.1454,
      237.1887,
      237.1862,
      237.2135,
      237.1626,
      237.1265,
      237.1699,
      237.1373,
      237.1263,
      237.1712,
      237.1077,
      237.1597,
      237.1368,
      237.1441,
      237.083,
      237.1049,
      237.1142,
      237.1139,
      237.0874,
      237.0721,
      237.0416,
      237.0031,
      237.0421,
      237.0626,
      237.0874,
      237.1469,
      237.1726,
      237.2212,
      237.2363,
      237.2334,
      237.2189,
      237.1833,
      237.1656,
      237.1724,
      237.1527,
      237.178,
      237.1629,
      237.1653,
      237.2004,
      237.1798,
      237.1817,
      237.1504,
      237.1637,
      237.1606,
      237.1489,
      237.1338,
      237.1144,
      237.1515,
      237.1192,
      237.1107,
      237.1533,
      237.1469,
      237.1633,
      237.1683,
      237.1442,
      237.143,
      237.1709,
      237.1732,
      237.1942,
      237.2203,
      237.2121,
      237.1764,
      237.1588,
      237.165,
      237.1774,
      237.1874,
      237.1397,
      237.0919,
      237.1159,
      237.1148,
      237.1392,
      237.092,
      237.1041,
      237.1121,
      237.1217,
      237.0964,
      237.1595,
      237.1627,
      237.1145,
      237.0668,
      237.0289,
      236.951,
      236.9427,
      236.9349,
      236.9455,
      236.9199,
      236.8702,
      236.8583,
      236.8466,
      236.8434,
      236.8251,
      236.8043,
      236.762,
      236.7223,
      236.7622,
      236.7959,
      236.8213,
      236.7903,
      236.7586,
      236.7693,
      236.8131,
      236.8116,
      236.8226,
      236.8156,
      236.8282,
      236.8023,
      236.8269,
      236.8029,
      236.8223,
      236.8288,
      236.8624,
      236.8034,
      236.8023,
      236.8478,
      236.8647,
      236.8451,
      236.8358,
      236.825,
      236.8163,
      236.855,
      236.824,
      236.8269,
      236.8095,
      236.8076,
      236.8109,
      236.8416,
      236.8566,
      236.9128,
      236.87,
      236.8742,
      236.9451,
      236.9334,
      236.8903,
      236.821,
      236.79,
      236.7238,
      236.7311,
      236.7879,
      236.7272,
      236.7648,
      236.7702,
      236.8115,
      236.8028,
      236.8448,
      236.7999,
      236.8155,
      236.7837,
      236.8193,
      236.7954,
      236.775,
      236.7916,
      236.8622,
      236.9007,
      236.9405,
      236.9414,
      236.9482,
      236.939,
      236.8695,
      236.8612,
      236.8796,
      236.9182,
      236.9228,
      236.8686,
      236.8657,
      236.8356,
      236.8571,
      236.9132,
      236.9192,
      236.922,
      236.9439,
      236.9891,
      236.9415,
      236.9247,
      236.9334,
      236.9248,
      236.8988,
      236.8761,
      236.8311,
      236.8714,
      236.902,
      236.9532,
      237.0017,
      237.0247,
      236.9783,
      237.0043,
      237.0095,
      237.0046,
      236.9912,
      236.9342,
      236.9348,
      236.9768,
      237.0282,
      237.0175,
      237.0218,
      237.0562,
      237.0814,
      237.0744,
      237.029,
      237.0111,
      237.0353,
      237.0056,
      237.0029,
      236.9524,
      236.9679,
      236.9865,
      237.0009,
      236.9848,
      236.9642,
      236.9364,
      236.9436,
      236.9578,
      236.9293,
      236.9322,
      236.9132,
      236.9107,
      236.8814,
      236.9158,
      236.8804,
      236.8594,
      236.8161,
      236.8192,
      236.8446,
      236.8674,
      236.9062,
      236.8966,
      236.8923,
      236.883,
      236.9104,
      236.9016,
      236.9274,
      236.9164,
      236.9346,
      236.9138,
      236.8979,
      236.8099,
      236.8053,
      236.8197,
      236.8302,
      236.8297,
      236.794,
      236.7668,
      236.8101,
      236.844,
      236.8812,
      236.8758,
      236.8847,
      236.9022,
      236.939,
      236.9651,
      236.9608,
      236.9076,
      236.9095,
      236.854,
      236.8656,
      236.8328,
      236.8085,
      236.7853,
      236.8084,
      236.7421,
      236.7167,
      236.7675,
      236.7979,
      236.8334,
      236.8218,
      236.8465,
      236.8251,
      236.8171,
      236.7805,
      236.7895,
      236.7991,
      236.8037,
      236.7687,
      236.7814,
      236.7286,
      236.7326,
      236.7783,
      236.8413,
      236.875,
      236.8575,
      236.8749,
      236.8881,
      236.901,
      236.9165,
      236.9079,
      236.9167,
      236.9285,
      236.9178,
      236.9617,
      236.9306,
      236.9122,
      236.9202,
      236.9013,
      236.9329,
      236.9413,
      236.9402,
      236.8931,
      236.91,
      236.9095,
      236.9139,
      236.9014,
      236.9452,
      236.9181,
      236.8709,
      236.8986,
      236.9386,
      236.955,
      236.9665,
      236.9064,
      236.9521,
      236.9166,
      236.9062,
      236.9375,
      236.9673,
      236.9484,
      236.9632,
      236.983,
      237.0043,
      237.0151,
      237.0562,
      237.0094,
      237.0499,
      237.0645,
      237.0766,
      237.0706,
      237.0511,
      237.0347,
      237.0576,
      237.109,
      237.1505,
      237.1091,
      237.0748,
      237.0296,
      237.0348,
      236.9955,
      237.008,
      236.9918,
      236.9584,
      236.9241,
      236.9707,
      236.9718,
      236.9993,
      236.9744,
      236.9927,
      236.9996,
      237.0121,
      236.978,
      236.9799,
      237.011,
      237.0096,
      236.9852,
      236.9875,
      237.0135,
      237.0501,
      237.0515,
      237.0653,
      237.0404,
      237.0557,
      237.0237,
      237.048,
      237.0446,
      237.1095,
      237.0955,
      237.0837,
      237.0897,
      237.0389,
      237.0361,
      237.0449,
      237.0512,
      237.0211,
      237.0194,
      237.0516,
      237.094,
      237.0458,
      236.9943,
      236.9968,
      237.0048,
      237.0037,
      236.9974,
      236.9596,
      236.9603,
      236.9797,
      236.9801,
      236.9625,
      236.9972,
      236.9937,
      236.9509,
      236.9528,
      236.925,
      236.9747,
      236.9585,
      236.9949,
      236.9795,
      237.0401,
      236.9903,
      236.9574,
      236.977,
      236.968,
      236.9781,
      236.997,
      237.0175,
      236.9701,
      236.9882,
      236.9806,
      236.9752,
      236.9772,
      236.9673,
      236.9783,
      236.9755,
      236.9764,
      236.9378,
      236.948,
      236.9707,
      236.9708,
      237.0204,
      237.0498,
      237.0924,
      237.0856,
      237.0785,
      237.0723,
      237.0761,
      237.0689,
      237.0599,
      237.0573,
      237.0889,
      237.0996,
      237.1133,
      237.1818,
      237.2404,
      237.2129,
      237.2172,
      237.1911,
      237.1847,
      237.2223,
      237.1931,
      237.1989,
      237.1562,
      237.1726,
      237.1524,
      237.1671,
      237.1965,
      237.2135,
      237.2092,
      237.2076,
      237.2394,
      237.3118,
      237.3002,
      237.2649,
      237.2642,
      237.2526,
      237.2108,
      237.275,
      237.2753,
      237.2396,
      237.3192,
      237.3184,
      237.2826,
      237.2998,
      237.2402,
      237.2671,
      237.2939,
      237.2832,
      237.2688,
      237.2167,
      237.2306,
      237.2241,
      237.259,
      237.2697,
      237.2459,
      237.2428,
      237.237,
      237.2147,
      237.2144,
      237.1636,
      237.1745,
      237.2097,
      237.168,
      237.1632,
      237.2019,
      237.2635,
      237.2775,
      237.2724,
      237.3121,
      237.3451,
      237.3138,
      237.3331,
      237.3777,
      237.3653,
      237.3425,
      237.3227,
      237.2974,
      237.3391,
      237.3249,
      237.3381,
      237.3751,
      237.3676,
      237.341,
      237.3334,
      237.2811,
      237.2796,
      237.2803,
      237.2576,
      237.2374,
      237.2334,
      237.2024,
      237.1555,
      237.1978,
      237.1907,
      237.142,
      237.1454,
      237.1269,
      237.1559,
      237.1717,
      237.1629,
      237.1207,
      237.0958,
      237.1292,
      237.1581,
      237.2059,
      237.1833,
      237.2041,
      237.2101,
      237.2032,
      237.1492,
      237.1328,
      237.1047,
      237.0565,
      237.0349,
      237.0212,
      237.0329,
      237.0177,
      236.9685,
      236.9827,
      236.9923,
      236.976,
      236.957,
      236.933,
      236.9921,
      237.0504,
      236.9957,
      237.0341,
      237.0616,
      237.0587,
      237.1029,
      237.1031,
      237.1116,
      237.1282,
      237.1537,
      237.2122,
      237.2187,
      237.2125,
      237.218,
      237.2015,
      237.25,
      237.219,
      237.1855,
      237.1369,
      237.1681,
      237.1614,
      237.1349,
      237.0975,
      237.0876,
      237.072,
      237.0922,
      237.1351,
      237.1393,
      237.1391,
      237.1259,
      237.0833,
      237.0444,
      237.0677,
      237.0609,
      237.0482,
      237.0631,
      237.042,
      237.0386,
      237.0449,
      237.0524,
      237.0459,
      237.0515,
      237.0283,
      237.0125,
      237.0567,
      237.0381,
      237.0398,
      237.0075,
      237.0496,
      237.0469,
      237.0467,
      237.041,
      237.0598,
      237.0751,
      237.1014,
      237.0816,
      237.1269,
      237.149,
      237.2276,
      237.2439,
      237.2718,
      237.3134,
      237.3211,
      237.2866,
      237.2815,
      237.3535,
      237.3207,
      237.279,
      237.264,
      237.2996,
      237.2899,
      237.3129,
      237.296,
      237.3015,
      237.2748,
      237.2748,
      237.2444,
      237.2394,
      237.2224,
      237.2067,
      237.1831,
      237.1607,
      237.2142,
      237.2348,
      237.1933,
      237.2186,
      237.1399,
      237.1067,
      237.109,
      237.1789,
      237.1955,
      237.2197,
      237.2458,
      237.2413,
      237.2328,
      237.1898,
      237.132,
      237.1438,
      237.1314,
      237.0961,
      237.0756,
      237.0917,
      237.1379,
      237.1089,
      237.0902,
      237.1109,
      237.1119,
      237.1853,
      237.2071,
      237.1583,
      237.1683,
      237.1695,
      237.1821,
      237.2138,
      237.2367,
      237.2717,
      237.2974,
      237.2581,
      237.2593,
      237.2359,
      237.2494,
      237.2372,
      237.2929,
      237.2465,
      237.1885,
      237.192,
      237.1923,
      237.1636,
      237.1803,
      237.1527,
      237.137,
      237.1707,
      237.1545,
      237.1905,
      237.2087,
      237.2078,
      237.2227,
      237.206,
      237.1273,
      237.0992,
      237.088,
      237.0496,
      237.021,
      237.055,
      237.0563,
      237.0936,
      237.1314,
      237.0599,
      237.0899,
      237.13,
      237.1905,
      237.2412,
      237.2571,
      237.2149,
      237.2039,
      237.2348,
      237.193,
      237.2425,
      237.2057,
      237.2039,
      237.2128,
      237.1923,
      237.1456,
      237.1727,
      237.1836,
      237.1608,
      237.1679,
      237.1535,
      237.1643,
      237.1663,
      237.1282,
      237.1948,
      237.1868,
      237.1302,
      237.1556,
      237.1831,
      237.1639,
      237.1715,
      237.1591,
      237.1501,
      237.2076,
      237.1891,
      237.2159,
      237.2127,
      237.2148,
      237.2164,
      237.2535,
      237.2972,
      237.3181,
      237.2622,
      237.2311,
      237.1873,
      237.186,
      237.1695,
      237.1702,
      237.233,
      237.2064,
      237.1953,
      237.1448,
      237.1304,
      237.1317,
      237.1106,
      237.0834,
      237.0647,
      237.1001,
      237.1343,
      237.1509,
      237.1565,
      237.1443,
      237.1423,
      237.1174,
      237.1039,
      237.1646,
      237.1529,
      237.1121,
      237.1402,
      237.1366,
      237.1123,
      237.0988,
      237.1149,
      237.1063,
      237.1242,
      237.1178,
      237.1114,
      237.0556,
      237.1376,
      237.0995,
      237.0823,
      237.0844,
      237.0955,
      237.0755,
      237.068,
      237.0855,
      237.0531,
      237.0985,
      237.0804,
      237.1197,
      237.1294,
      237.1228,
      237.1264,
      237.1887,
      237.2297,
      237.223,
      237.2436,
      237.2441,
      237.232,
      237.2364,
      237.2142,
      237.23,
      237.2651,
      237.2484,
      237.2348,
      237.2526,
      237.2125,
      237.1987,
      237.1936,
      237.1695,
      237.1558,
      237.1094,
      237.0783,
      237.0163,
      236.9781,
      236.952,
      236.9905,
      236.9806,
      236.9869,
      237.0304,
      236.9926,
      236.9529,
      236.9284,
      236.9723,
      236.9717,
      236.9694,
      236.9239,
      236.9313,
      236.8979,
      236.9073,
      236.9719,
      236.9727,
      237.0103,
      237.0202,
      237.0031,
      237.0251,
      236.9585,
      236.9839,
      237.0033,
      237.0082,
      236.9875,
      236.9798,
      237.0161,
      237.0175,
      237.0555,
      237.0393,
      237.046,
      237.0479,
      237.0454,
      237.0284,
      236.9912,
      237.0637,
      237.0716,
      237.0758,
      237.0967,
      237.1469,
      237.1066,
      237.1094,
      237.1622,
      237.1587,
      237.1371,
      237.0657,
      237.1048,
      237.1111,
      237.0882,
      237.0709,
      237.0244,
      237.0184,
      237.0013,
      237.0116,
      236.9603,
      236.9274,
      236.942,
      236.9389,
      236.9382,
      236.9028,
      236.93,
      236.9546,
      236.934,
      236.9351,
      236.8534,
      236.838,
      236.781,
      236.7835,
      236.7966,
      236.8105,
      236.7967,
      236.8199,
      236.7994,
      236.8214,
      236.8199,
      236.8413,
      236.8523,
      236.8034,
      236.8228,
      236.7908,
      236.7278,
      236.7113,
      236.7734,
      236.7883,
      236.7976,
      236.7995,
      236.8616,
      236.831,
      236.8709,
      236.8892,
      236.8939,
      236.9046,
      236.8571,
      236.788,
      236.7953,
      236.8478,
      236.8535,
      236.8677,
      236.8676,
      236.8475,
      236.8501,
      236.8776,
      236.9012,
      236.9212,
      236.8686,
      236.8884,
      236.8931,
      236.8875,
      236.8778,
      236.9188,
      236.9241,
      236.9053,
      236.909,
      236.9031,
      236.8627,
      236.8744,
      236.855,
      236.8446,
      236.8266,
      236.7961,
      236.8252,
      236.8241,
      236.8287,
      236.8847,
      236.84,
      236.8809,
      236.8362,
      236.8578,
      236.8117,
      236.8483,
      236.8573,
      236.8637,
      236.8827,
      236.8702,
      236.8629,
      236.8647,
      236.8713,
      236.8733,
      236.8822,
      236.9361,
      236.9073,
      236.8826,
      236.8724,
      236.9022,
      236.8924,
      236.9191,
      236.9144,
      236.9283,
      236.964,
      236.9481,
      236.9651,
      237.0148,
      236.9876,
      236.9865,
      236.979,
      237.0241,
      237.0231,
      237.0265,
      237.0421,
      237.0013,
      236.9767