    240.7633,
      240.7684,
      240.8325,
      240.8747,
      240.857,
      240.8805,
      240.8367,
      240.8328,
      240.8314,
      240.8324,
      240.8082,
      240.7859,
      240.8051,
      240.7906,
      240.7617,
      240.754,
      240.6888,
      240.6323,
      240.6167,
      240.6381,
      240.6046,
      240.5982,
      240.577,
      240.5877,
      240.575,
      240.629,
      240.6117,
      240.5716,
      240.6118,
      240.5977,
      240.6328,
      240.5872,
      240.5806,
      240.5833,
      240.536,
      240.5369,
      240.5306,
      240.5433,
      240.5355,
      240.5439,
      240.532,
      240.5528,
      240.5551,
      240.5624,
      240.5817,
      240.6035,
      240.6485,
      240.6509,
      240.628,
      240.5806,
      240.5891,
      240.6074,
      240.5627,
      240.505,
      240.5298,
      240.5203,
      240.5276,
      240.5573,
      240.5686,
      240.5842,
      240.5446,
      240.4842,
      240.526,
      240.538,
      240.5187,
      240.5229,
      240.5558,
      240.536,
      240.5242,
      240.5004,
      240.4789,
      240.4732,
      240.4344,
      240.4546,
      240.4496,
      240.4518,
      240.4405,
      240.4158,
      240.4257,
      240.4267,
      240.408,
      240.4184,
      240.4446,
      240.4722,
      240.509,
      240.4926,
      240.4608,
      240.448,
      240.3837,
      240.3463,
      240.3334,
      240.3246,
      240.3291,
      240.3601,
      240.3765,
      240.4196,
      240.4302,
      240.4293,
      240.4166,
      240.4458,
      240.4447,
      240.4373,
      240.4713,
      240.4943,
      240.4825,
      240.4896,
      240.4662,
      240.4318,
      240.4796,
      240.4246,
      240.3919,
      240.3514,
      240.3283,
      240.3045,
      240.3004,
      240.3421,
      240.3294,
      240.3632,
      240.3505,
      240.2921,
      240.2988,
      240.2822,
      240.2952,
      240.3253,
      240.3657,
      240.3775,
      240.3585,
      240.3261,
      240.3032,
      240.2943,
      240.3142,
      240.3119,
      240.2938,
      240.281,
      240.2639,
      240.2691,
      240.3156,
      240.3093,
      240.2669,
      240.2267,
      240.2162,
      240.2087,
      240.2358,
      240.2416,
      240.2587,
      240.2652,
      240.204,
      240.1775,
      240.1894,
      240.1817,
      240.2189,
      240.2784,
      240.308,
      240.3334,
      240.3532,
      240.3406,
      240.3971,
      240.4043,
      240.4085,
      240.4097,
      240.4135,
      240.4776,
      240.5127,
      240.5264,
      240.5528,
      240.4788,
      240.4513,
      240.4996,
      240.5274,
      240.4591,
      240.4231,
      240.4591,
      240.4024,
      240.3896,
      240.3916,
      240.4213,
      240.4569,
      240.4622,
      240.4453,
      240.4223,
      240.4228,
      240.4587,
      240.488,
      240.4505,
      240.4055,
      240.4506,
      240.4081,
      240.4658,
      240.498,
      240.5367,
      240.5254,
      240.5479,
      240.592,
      240.6157,
      240.5771,
      240.5546,
      240.5503,
      240.5569,
      240.5614,
      240.5584,
      240.5618,
      240.5719,
      240.6169,
      240.6276,
      240.6336,
      240.6457,
      240.6311,
      240.611,
      240.6026,
      240.5858,
      240.5545,
      240.5807,
      240.6078,
      240.6429,
      240.6488,
      240.5717,
      240.5755,
      240.582,
      240.5789,
      240.5768,
      240.5843,
      240.5676,
      240.5569,
      240.5856,
      240.5574,
      240.563,
      240.5836,
      240.61,
      240.5769,
      240.5605,
      240.5446,
      240.5483,
      240.5199,
      240.5881,
      240.5898,
      240.6305,
      240.6434,
      240.6626,
      240.6049,
      240.6328,
      240.6038,
      240.6172,
      240.6142,
      240.5843,
      240.6144,
      240.583,
      240.5922,
      240.5968,
      240.5875,
      240.5933,
      240.5791,
      240.5915,
      240.5487,
      240.5274,
      240.511,
      240.5055,
      240.4912,
      240.5148,
      240.5425,
      240.5825,
      240.6518,
      240.6963,
      240.6846,
      240.6687,
      240.6495,
      240.6373,
      240.6132,
      240.5686,
      240.5118,
      240.493,
      240.5183,
      240.4869,
      240.4639,
      240.488,
      240.5001,
      240.4461,
      240.4556,
      240.4269,
      240.4878,
      240.5166,
      240.5211,
      240.5443,
      240.5835,
      240.6297,
      240.6214,
      240.6279,
      240.6409,
      240.6344,
      240.6489,
      240.6758,
      240.6664,
      240.7007,
      240.6689,
      240.6856,
      240.6737,
      240.7194,
      240.6863,
      240.6903,
      240.7032,
      240.7461,
      240.7538,
      240.8218,
      240.8569,
      240.8668,
      240.8408,
      240.9139,
      240.9713,
      240.9883,
      240.9635,
      240.9399,
      240.9618,
      240.9465,
      240.9413,
      240.9626,
      241.0112,
      241.0434,
      241.0533,
      241.1078,
      241.1149,
      241.1319,
      241.0644,
      241.1021,
      241.0945,
      241.0565,
      241.051,
      241.1102,
      241.129,
      241.1657,
      241.19,
      241.1745,
      241.1757,
      241.1566,
      241.1718,
      241.1457,
      241.1811,
      241.1613,
      241.2225,
      241.2103,
      241.1894,
      241.1771,
      241.1892,
      241.2022,
      241.2204,
      241.2406,
      241.2135,
      241.231,
      241.193,
      241.1832,
      241.165,
      241.1732,
      241.217,
      241.2164,
      241.1948,
      241.2402,
      241.3126,
      241.3695,
      241.4041,
      241.4217,
      241.4207,
      241.4278,
      241.4266,
      241.4291,
      241.4352,
      241.4065,
      241.4275,
      241.404,
      241.3494,
      241.3371,
      241.3356,
      241.328,
      241.3158,
      241.3285,
      241.322,
      241.285,
      241.2794,
      241.2511,
      241.2921,
      241.2854,
      241.2893,
      241.2672,
      241.2485,
      241.2829,
      241.2933,
      241.2838,
      241.2654,
      241.2858,
      241.2588,
      241.2518,
      241.2147,
      241.2867,
      241.2829,
      241.2534,
      241.2834,
      241.274,
      241.2905,
      241.3297,
      241.3705,
      241.3587,
      241.3726,
      241.3484,
      241.3732,
      241.3778,
      241.3658,
      241.3357,
      241.3251,
      241.3932,
      241.4442,
      241.4263,
      241.4169,
      241.4493,
      241.4679,
      241.4893,
      241.4948,
      241.4484,
      241.4582,
      241.4937,
      241.5005,
      241.4773,
      241.4728,
      241.4653,
      241.3959,
      241.3743,
      241.3935,
      241.3387,
      241.305,
      241.2953,
      241.2521,
      241.2561,
      241.2298,
      241.25,
      241.2707,
      241.2747,
      241.259,
      241.2529,
      241.2341,
      241.2002,
      241.2527,
      241.2633,
      241.2023,
      241.2368,
      241.2273,
      241.2388,
      241.2493,
      241.264,
      241.229,
      241.2301,
      241.1784,
      241.1854,
      241.154,
      241.1352,
      241.1351,
      241.0863,
      241.1141,
      241.1232,
      241.0853,
      241.102,
      241.0945,
      241.0577,
      241.0227,
      241.0493,
      241.0439,
      241.028,
      241.0248,
      241.0229,
      240.9924,
      240.9944,
      240.969,
      240.9601,
      241.0079,
      240.9422,
      241.0118,
      240.9771,
      240.9517,
      240.9581,
      240.9407,
      240.9918,
      240.9874,
      241.0037,
      241.0056,
      241.0008,
      241.0024,
      241.0204,
      240.9936,
      240.9913,
      240.9703,
      240.9459,
      240.8967,
      240.9252,
      240.9703,
      240.9919,
      240.9788,
      240.9931,
      240.9585,
      240.8943,
      240.9209,
      240.8971,
      240.8782,
      240.9094,
      240.935,
      240.9592,
      240.9645,
      240.9748,
      241.0054,
      240.9895,
      241.0214,
      241.0067,
      241.0045,
      240.9976,
      241.0038,
      240.9982,
      241.0188,
      241.0164,
      240.9846,
      241.0021,
      240.9911,
      240.9923,
      240.9813,
      241.0008,
      241.0265,
      241.0447,
      241.0549,
      241.0639,
      241.0923,
      241.1468,
      241.1311,
      241.1244,
      241.105,
      241.0953,
      241.1167,
      241.0939,
      241.1441,
      241.1636,
      241.1447,
      241.145,
      241.144,
      241.2106,
      241.1798,
      241.173,
      241.1249,
      241.1043,
      241.0791,
      241.0951,
      241.1007,
      241.1176,
      241.1456,
      241.1373,
      241.1527,
      241.1406,
      241.1643,
      241.1762,
      241.1869,
      241.1709,
      241.2051,
      241.2574,
      241.2685,
      241.2798,
      241.2229,
      241.236,
      241.2404,
      241.2393,
      241.2256,
      241.2533,
      241.2329,
      241.2759,
      241.2581,
      241.2254,
      241.2264,
      241.2228,
      241.2316,
      241.2331,
      241.2024,
      241.1974,
      241.1638,
      241.2099,
      241.253,
      241.2275,
      241.2656,
      241.271,
      241.2676,
      241.2841,
      241.3207,
      241.2651,
      241.247,
      241.2591,
      241.2759,
      241.2868,
      241.2699,
      241.2214,
      241.2212,
      241.2443,
      241.2258,
      241.2273,
      241.2141,
      241.1595,
      241.1579,
      241.1513,
      241.1341,
      241.15,
      241.1392,
      241.189,
      241.2406,
      241.2255,
      241.2863,
      241.3263,
      241.3247,
      241.3297,
      241.3067,
      241.2628,
      241.2265,
      241.2161,
      241.2055,
      241.2318,
      241.2358,
      241.2067,
      241.1974,
      241.1813,
      241.1849,
      241.1941,
      241.2097,
      241.1739,
      241.1646,
      241.1653,
      241.1742,
      241.1884,
      241.1732,
      241.129,
      241.1721,
      241.1724,
      241.1429,
      241.1869,
      241.1741,
      241.195,
      241.2283,
      241.2357,
      241.2457,
      241.2464,
      241.2499,
      241.2276,
      241.2244,
      241.2077,
      241.1856,
      241.1861,
      241.1919,
      241.2059,
      241.2149,
      241.1485,
      241.1456,
      241.1409,
      241.0909,
      241.082,
      241.0971,
      241.118,
      241.1115,
      241.0574,
      241.0266,
      241.0317,
      241.0134,
      240.9912,
      240.9873,
      240.9822,
      240.9734,
      240.9351,
      240.955,
      240.9583,
      240.9976,
      240.9559,
      240.9927,
      240.9763,
      240.9924,
      241.0489,
      241.0057,
      240.9348,
      240.9677,
      241.0141,
      240.984,
      240.9901,
      240.9568,
      240.9436,
      240.9638,
      241.0207,
      241.0425,
      241.057,
      241.0198,
      241.0724,
      241.03,
      241.0901,
      241.1025,
      241.1097,
      241.1074,
      241.0786,
      241.0854,
      241.1242,
      241.0769,
      241.0776,
      241.0614,
      241.0883,
      241.1315,
      241.1235,
      241.162,
      241.1416,
      241.138,
      241.1561,
      241.1035,
      241.1253,
      241.0969,
      241.0714,
      241.0792,
      241.1213,
      241.1436,
      241.1851,
      241.1764,
      241.2217,
      241.2127,
      241.2753,
      241.3092,
      241.3039,
      241.26,
      241.2897,
      241.3345,
      241.3539,
      241.3133,
      241.3077,
      241.2928,
      241.2636,
      241.2786,
      241.3044,
      241.3265,
      241.345,
      241.3672,
      241.418,
      241.4142,
      241.3835,
      241.3665,
      241.3931,
      241.3708,
      241.4066,
      241.4326,
      241.4437,
      241.4361,
      241.4703,
      241.4888,
      241.4815,
      241.5119,
      241.4741,
      241.4552,
      241.4994,
      241.5058,
      241.5344,
      241.5368,
      241.5179,
      241.5349,
      241.5515,
      241.5978,
      241.6081,
      241.5724,
      241.606,
      241.5904,
      241.5861,
      241.599,
      241.5864,
      241.6002,
      241.61,
      241.5751,
      241.5442,
      241.5745,
      241.5749,
      241.5972,
      241.6111,
      241.5796,
      241.5284,
      241.5077,
      241.5586,
      241.5122,
      241.5753,
      241.6036,
      241.6487,
      241.5946,
      241.6504,
      241.6844,
      241.6275,
      241.6713,
      241.6478,
      241.6352,
      241.6321,
      241.6155,
      241.5824,
      241.5284,
      241.4667,
      241.3979,
      241.3991,
      241.3674,
      241.3499,
      241.3083,
      241.2609,
      241.179,
      241.184,
      241.1687,
      241.1386,
      241.06,
      241.0834,
      241.0836,
      241.047,
      241.0661,
      241.0674,
      241.0615,
      241.0507,
      241.0376,
      241.008,
      241.0577,
      241.0414,
      241.0922,
      241.0751,
      241.0766,
      241.068,
      241.0607,
      241.0816,
      241.0773,
      241.0261,
      241.0718,
      241.0084,
      241.0386,
      240.9885,
      241.0121,
      241.0046,
      241.0079,
      240.9922,
      240.9517,
      240.9192,
      240.9299,
      240.9064,
      240.8983,
      240.8889,
      240.862,
      240.9265,
      240.9597,
      240.9286,
      240.9343,
      240.9301,
      240.9027,
      240.9191,
      240.9576,
      240.9758,
      240.9527,
      240.9893,
      241.0238,
      241.0105,
      240.9621,
      240.9685,
      240.9819,
      240.9391,
      240.9419,
      240.9516,
      240.9563,
      240.9513,
      240.9529,
      240.9633,
      240.9666,
      240.9798,
      240.9908,
      241.0389,
      241.065,
      241.0639,
      241.0687,
      241.0866,
      241.1076,
      241.0827,
      241.1258,
      241.1306,
      241.0914,
      241.1065,
      241.0916,
      241.0723,
      241.073,
      241.0976,
      241.0985,
      241.0766,
      241.0428,
      241.0486,
      241.0403,
      241.0643,
      241.0432,
      241.0451,
      241.0762,
      241.0784,
      241.0777,
      241.0562,
      241.0538,
      241.0756,
      241.0624,
      241.0579,
      241.086,
      241.0779,
      241.1056,
      241.0983,
      241.097,
      241.0535,
      241.0833,
      241.1072,
      241.0967,
      241.0427,
      241.0287,
      241.0952,
      241.1433,
      241.1108,
      241.102,
      241.1376,
      241.1384,
      241.165,
      241.2125,
      241.1909,
      241.2194,
      241.194,
      241.2415,
      241.2356,
      241.2068,
      241.258,
      241.2261,
      241.2091,
      241.184,
      241.19,
      241.1546,
      241.148,
      241.1518,
      241.1691,
      241.1589,
      241.192,
      241.2113,
      241.2232,
      241.2032,
      241.2261,
      241.2194,
      241.1552,
      241.1117,
      241.1317,
      241.0666,
      241.0722,
      241.0397,
      241.0195,
      241.0282,
      241.0198,
      241.0048,
      241.0154,
      241.0829,
      241.0601,
      241.0338,
      240.9889,
      240.9915,
      240.9549,
      240.9715,
      240.9302,
      240.9486,
      240.967,
      240.9596,
      240.892,
      240.9063,
      240.8418,
      240.836,
      240.8318,
      240.8287,
      240.8122,
      240.7927,
      240.7606,
      240.7511,
      240.7135,
      240.6908,
      240.6505,
      240.6376,
      240.6408,
      240.6634,
      240.6313,
      240.6664,
      240.6873,
      240.6634,
      240.6978,
      240.7175,
      240.7456,
      240.7266,
      240.7501,
      240.7456,
      240.7172,
      240.7637,
      240.7041,
      240.7306,
      240.7745,
      240.771,
      240.7902,
      240.7588,
      240.7167,
      240.7285,
      240.7042,
      240.7006,
      240.6698,
      240.6886,
      240.7097,
      240.7275,
      240.7389,
      240.7774,
      240.7493,
      240.7085,
      240.6293